2013 21 2013 16 2013 11 
2012 21 2012 17 2012 14 
2011 21 2011 16 2011 13 
2010 24 2010 20 2010 16 
2009 17 2009 13 2009 9 
2008 20 2008 16 2008 12 
2007 23 2007 18 2007 13 
2006 23 2006 20 2006 16 
2005 20 2005 16 2005 13 
2004 16 2004 13 2004 11 
2003 17 2003 13 2003 9 
2002 21 2002 16 2002 11 
2001 14 2001 11 2001 9 
2000 18 2000 14 2000 11 
1999 20 1999 16 1999 13 
1998 18 1998 13 1998 8 
1997 19 1997 15 1997 12 
1996 16 1996 12 1996 8 
1995 19 1995 16 1995 12 
1994 18 1994 14 1994 10 
1993 16 1993 12 1993 9 
1992 19 1992 15 1992 12 
1991 23 1991 20 1991 17 
1990 19 1990 15 1990 11 
1989 21 1989 16 1989 12 
1988 24 1988 19 1988 14 
1987 22 1987 18 1987 15 
1986 18 1986 13 1986 9 
1985 18 1985 15 1985 12 
